21
1563
1230
116
1869
1047
840
607
1177
497
195
1421
682
296
1141
1332
925
1850
918
71
991
1818
64
1975
917
764
839
571
956
1364
308
835
51
1971
1040
1101
1635
1205
1481
1115
1277
331
834
1989
1089
300
981
1482
1638
354
1851
1659
1357
219
174
458
212
1281
733
1571
1161
78
1962
585
1363
1237
1282
252
849
1169
1658
967
1968
979
928
1472
21
1419
1584
1951
1442
1697
917
1427
1808
122
860
204
1905
768
215
634
727
510
488
178
1986
589
1825
340
707
1515
1014
1124
1536
59
444
203
502
1243
189
929
604
885
458
1761
1896
706
27
1901
1417
249
1321
601
1804
489
833
1643
667
847
1268
403
650
1349
420
602
417
1951
464
241
357
194
90
1572
669
567
569
1551
1108
609
1146
1636
660
489
1185
1759
1935
1783
1410
1623
868
1922
559
1617
1369
53
1001
1842
1727
1197
1619
288
1040
1961
1085
1299
1166
1765
312
1982
1002
457
1441
1178
1639
25
1684
1012
928
1231
1236
914
591
399
1966
1519
845
1307
630
49
909
370
1459
1452
1239
1302
1341
1514
1483
34
28
459
1744
886
306
980
1808
429
1546
1580
65
759
1215
1331
493
586
1198
1950
1590
1270
662
137
1301
647
520
1177
1802
561
421
44
43
1531
1523
70
1683
800
428
1651
1092
462
1823
1339
1778
1251
1421
1364
1031
708
663
1618
392
911
505
1114
1576
601
1804
941
131
56
299
554
1003
230
889
282
59
1553
782
458
1586
963
1650
1770
1447
1554
897
282
380
1865
1665
1827
849
970
314
1287
71
1732
1452
159
1587
1733
1249
1948
132
1931
797
1115
1804
59
1297
1755
418
1262
79
716
295
1355
1019
794
1876
1517
574
1451
1927
32
1290
343
804
1612
860
1923
875
382
361
1957
637
404
1680
35
1899
794
598
1308
1693
241
879
33
778
324
966
702
1350
1259
1377
1279
1479
1138
981
1000
655
385
712
50
1545
1601
669
1439
813
1557
801
1097
877
670
1229
1246
1715
380
1803
1963
1219
1069
1784
640
797
1675
480
1426
1547
349
1262
314
344
1406
143
1420
1521
882
200
1647
72
1673
976
1769
1875
1392
1101
1751
1908
660
1582
1114
1766
1163
987
1702
288
1820
896
980
848
389
1700
1472
606
1784
954
1953
1868
333
476
1841
336
1227
941
1455
542
311
1560
1216
1750
460
1480
1221
998
1295
1661
435
402
1404
175
281
149
390
1703
1906
1747
1740
179
180
144
1792
1386
1694
1831
379
688
190
201
534
332
1265
1161
1345
513
1617
383
707
481
657
1812
623
676
1436
635
960
839
516
965
1820
1427
245
1564
1455
1408
425
281
57
1923
141
1874
248
224
651
942
1859
314
812
1350
318
1865
1143
1557
1750
1656
1328
1065
158
257
1862
999
12
1413
884
1383
466
474
560
433
360
760
140
358
488
400
558
1040
1036
71
371
1277
678
876
862
251
945
1295
429
1683
821
860
968
384
207
430
588
1664
676
1017
227
1024
1431
684
1639
1905
67
1535
483
1398
1871
705
1896
363
315
1072
750
253
1999
779
1634
664
735
1050
1857
78
826
908
1783
768
428
1053
1269
785
614
100
1633
1464
124
1010
1254
681
631
827
64
1693
97
1102
1214
235
63
1926
1146
1755
402
1999
185
415
1834
1909
1559
635
51
1888
322
308
282
1797
1838
686
658
120
775
1193
163
1599
802
1654
129
785
177
1483
558
594
682
767
1415
1730
650
941
1975
498
1072
1536
341
719
1400
72
1757
82
1143
1402
1887
403
657
446
979
1634
563
1689
744
1246
956
1752
1798
665
1238
1886
739
133
655
46
695
355
1498
1020
1067
687
70
611
723
1029
672
1899
844
793
1740
107
205
415
1370
1421
261
1375
709
124
210
156
1572
888
1993
1058
281
666
1804
130
1878
91
97
466
1077
656
1552
1140
931
33
715
109
802
1519
870
1238
352
1527
1525
1264
1705
1552
1621
1606
148
841
741
1269
1816
545
1434
419
1829
1941
1634
917
1158
172
1721
406
1327
1569
1718
1973
1021
1946
1041
531
289
1938
1976
1619
1081
1911
267
979
278
944
1024
85
452
850
1243
1381
1523
768
1760
1293
1471
1143
410
378
968
57
168
865
949
591
820
1857
129
1380
1436
908
449
1354
1504
632
795
1769
1121
100
1873
929
1324
1062
748
1441
342
1984
1775
1784
1463
886
280
1546
1296
759
1648
1388
1227
586
481
9
938
579
298
688
1820
1097
1353
230
1484
911
221
650
1282
1089
1202
1953
1174
1663
1303
644
1213
1221
471
794
534
793
1592
1963
900
905
1966
562
746
875
1967
1931
1258
641
709
643
1844
1167
1451
1338
1399
759
1300
13
812
1895
480
513
902
41
1061
286
1594
1888
18
1027
884
531
1698
189
237
857
1633
1860
325
101
1519
1702
1811
1313
1643
1666
496
492
734
1628
1071
50
1762
235
935
1366
903
248
657
1563
122
208
471
422
1105
1079
613
14
822
635
1809
1883
462
296
654
646
784
100
667
1353
1362
128
48
1869
1677
465
1886
1799
45
1884
1647
1936
339
529
677
1782
1936
1463
637
1591
1477
736
1220
855
1801
1052
382
350
534
487
1848
1807
712
1833
1853
1514
1871
870
6
1926
1452
1582
1558
209
878
946
236
1090
906
90
77
743
1663
927
1881
236
998
1254
983
869
952
1258
663
155
1664
694
1650
1104
214
1372
943
242
827
1775
1909
1061
659
782
299
1067
380
1310
1705
1803
1620
324
1427
857
173
1262
402
328
938
1940
398
1610
1220
1660
1338
1851
267
1815
991
866
1770
655
76
731
85
1465
1897
782
1660
912
1677
867
553
512
1968
905
1343
440
504
617
673
1070
1854
1370
1654
1261
361
1724
878
829
494
252
247
982
93
1639
1279
390
1930
693
691
595
1264
449
545
352
305
1541
1920
589
1529
675
303
372
1700
1653
1929
1877
1098
1527
1998
960
1584
1402
539
1997
1100
1904
1007
291
844
609
84
425
1611
651
1998
1697
357
960
1370
1633
210
779
948
1490
672
1558
1950
1936
1601
1765
1772
395
330
374
633
1526
11
1466
258
370
1018
77
1969
1570
1308
1476
212
1300
784
479
1689
1306
384
1191
1621
614
1278
12
1753
1957
990
484
998
1719
1995
1838
1284
1635
1903
878
99
514
1904
1475
56
1488
1599
587
1432
1500
357
486
613
1973
819
1878
1136
57
169
1045
1582
366
1778
1870
1415
983
150
1481
636
1723
998
1368
845
1535
1269
1358
1459
1053
1684
902
946
368
893
711
392
1615
1811
756
117
95
879
125
759
29
1247
549
315
16
693
1924
258
702
1245
1926
603
1872
659
1071
92
1933
1726
161
572
89
1555
1249
1200
849
1710
1544
802
713
459
1708
1435
548
1752
1859
1994
959
177
333
456
1467
233
345
979
14
1414
1339
898
621
300
228
1421
1664
1145
359
1703
1691
729
1300
1885
1033
1904
1599
669
1386
1337
994
980
1200
293
817
151
918
1048
1583
1641
1943
1216
504
1766
1209
1311
1902
599
1068
190
109
567
9
1202
1782
1987
1694
510
1332
474
17
609
1091
1059
1405
1047
1896
477
486
1954
490
574
1534
828
906
982
478
1185
1962
193
15
1560
1505
1187
1223
410
1476
1579
372
802
1760
2
1797
405
89
936
1759
712
1284
100
1275
1395
389
1544
359
1066
1052
9
1641
1221
1893
366
703
1072
443
831
255
1882
1005
1482
1401
900
1734
575
1080
762
1588
928
1855
705
287
158
794
75
1747
1606
970
371
1368
1810
134
901
1253
858
1447
1770
926
955
680
296
513
1699
186
1417
1869
331
734
1049
1088
690
840
1612
1462
1064
137
1344
1128
91
812
1223
1648
1322
916
1386
1709
1596
1121
1592
236
376
1258
1926
1361
1433
1103
133
60
1256
671
1385
1986
191
823
659
1048
174
865
1576
1015
809
150
1207
1640
1255
490
900
999
844
1105
768
189
450
522
1312
1645
1036
769
1643
1678
231
1178
73
182
1484
329
942
1550
616
1470
1890
1685
1551
663
711
748
1667
415
643
1282
1681
1883
873
1023
1705
1471
466
182
432
1319
456
743
260
96
1233
1725
1984
1456
145
425
1378
27
1614
1500
857
1518
149
1442
118
1541
1364
1578
492
931
1646
948
853
1100
956
1833
164
1071
507
823
718
5
1080
886
1382
853
1062
1634
1314
898
1103
1225
1154
760
1697
220
657
1534
1287
963
567
388
171
1304
1401
1434
1395
981
821
545
1332
465
113
86
710
1438
1864
1759
167
1706
654
1820
533
1061
1408
1262
521
797
634
427
1501
1729
1992
1418
1843
814
1221
1524
1565
719
1647
126
1320
1714
1607
403
840
1849
137
1119
229
1777
832
1948
346
1608
587
367
474
1896
1498
1432
210
181
662
1449
653
1019
1081
1278
1760
924
1654
849
1042
569
432
328
311
548
1884
404
538
1383
1795
1385
1886
974
1301
1962
1389
200
814
1160
1409
550
1106
62
1136
1454
1323
1398
734
161
821
1626
120
440
878
1901
50
582
465
1561
1469
1459
1397
752
1442
919
416
119
1886
369
1629
510
1109
1405
1449
117
472
28
1073
396
1808
944
1949
1808
851
1628
165
174
1065
1181
1017
1108
1810
232
1162
1547
1093
642
222
1330
1208
200
1868
986
1527
1401
1651
1790
671
99
636
544
696
37
242
507
1210
1005
1614
1077
1414
1718
1462
1058
563
1831
1053
709
1304
1967
640
458
1336
1814
780
1357
1536
1352
34
874
1784
967
1758
1125
1884
150
753
459
1391
750
1909
1675
1597
547
1025
141
872
178
754
1687
1711
998
1168
1503
969
637
1037
1764
1946
18
1755
5
1865
1866
1815
593
1659
940
630
1027
827
1465
917
148
535
1522
904
1926
710
534
265
1536
864
928
752
1563
1483
47
1798
1429
1907
1875
29
1805
815
1208
294
1699
1130
1319
534
1829
1396
859
1981
1023
1977
1303
1434
937
332
1674
61
1517
85
150
400
1395
1492
1551
240
1968
23
1056
720
597
127
620
376
420
223
1941
488
1607
704
551
1502
842
68
45
1712
1636
675
1360
1310
1136
477
318
1223
1023
1695
747
1388
203
1127
227
25
1239
804
127
682
1945
1901
1410
1251
1315
1365
1179
520
372
276
1221
1718
542
1951
1124
1357
1392
1636
811
668
113
920
854
13
1710
1967
1457
1254
288
66
1761
1088
519
237
1749
1646
636
1783
1375
1762
893
1218
4
239
785
1690
1930
1281
806
588
1404
318
196
754
423
1606
572
156
410
1519
1256
637
1675
1848
350
722
1117
904
1559
75
1824
896
1549
270
1859
1648
392
1241
34
330
908
1815
1221
910
494
798
1493
684
1778
1911
1953
232
1406
1465
1518
1665
1354
78
263
958
333
1277
1579
713
249
312
1177
1441
970
1220
1689
779
741
955
1104
1975
1977
587
1827
508
1108
1851
690
1583
858
668
1071
1069
2000
972
748
1135
1365
1527
1347
434
1932
1605
1433
1122
412
324
1820
1681
155
545
491
1848
1168
1982
1666
44
1057
1852
622
1310
751
257
1621
477
1788
319
1049
813
273
1094
495
1671
1662
1644
1477
1104
348
763
1953
98
690
1468
1566
706
1342
904
424
1943
713
125
1806
1041
590
906
1596
532
1266
395
1637
1003
110
208
1235
1496
1511
1080
1234
48
1586
1851
144
1778
893
1504
1636
299
1338
66
118
1409
415
45
1209
1901
534
1919
173
1387
1407
1864
182
1478
1951
1005
1511
1300
556
1743
1121
535
1878
147
124
794
989
1391
1814
734
250
1724
42
1133
1377
1851
473
1239
1942
1434
1105
1326
324
1451
609
1411
891
861
1190
590
561
935
1210
48
824
630
1231
1620
126
1375
654
1093
197
233
1236
952
45
1745
899
407
1777
1293
146
388
983
1891
1107
1403
927
1195
1518
173
1754
952
1
1812
724
614
544
1571
1864
1473
53
1959
944
1987
1016
1495
438
304
288
1833
1063
174
1914
702
1011
516
1407
275
1256
512
1026
1698
1780
59
1110
180
1604
1029
388
193
512
605
1381
1551
1190
405
1540
1700
686
227
1111
538
259
945
1483
958
1040
8
76
1728
1754
1652
999
237
150
1053
1082
15
210
1674
1524
615
1079
1924
1932
1829
523
531
862
628
317
65
1339
1650
353
1725
439
1574
425
28
1629
958
1953
544
1341
255
1970
1009
599
219
1843
1182
1951
870
681
19
184
338
1100
70
1212
1478
237
1581
1130
1150
623
512
1121
1502
1508
781
886
1701
720
835
1254
869
1180
1771
421
120
1889
866
367
1963
191
463
624
501
1245
900
1608
1088
883
486
889
31
749
1918
560
1989
1971
113
1519
1660
1867
570
1479
861
1757
483
1124
1138
668
1871
1442
1336
934
1721
1476
695
211
1416
1551
1416
1692
509
1336
45
572
1087
1056
722
1171
469
1116
1393
883
1730
502
1891
1710
667
125
1424
1795
1702
600
689
1708
1071
290
301
1853
770
245
1454
1659
1083
159
1349
1137
1964
1874
786
1081
797
371
776
1495
600
142
1069
356
847
868
1317
188
629
1668
1955
1307
1027
1545
1842
776
429
1245
479
750
521
101
1601
76
143
1422
316
1936
364
555
959
344
1515
720
365
1918
1994
1767
118
1921
1048
1527
930
1005
1433
1721
1899
1114
544
1967
105
1329
480
1855
1507
1613
1953
519
728
1667
1555
1589
155
1623
1702
654
63
1083
774
17
1540
738
1103
1702
762
694
1372
1865
667
475
803
1497
1591
722
863
1753
1652
191
796
1558
1838
1008
854
957
223
184
156
802
1928
1094
310
434
1671
1071
772
1667
1654
1615
1225
627
764
1439
899
362
993
113
1284
1422
1129
1861
1231
1242
819
290
1422
535
1109
1577
1680
1817
1548
691
1631
491
1623
1049
157
1638
1537
179
623
1473
675
314
1369
19
713
1522
496
614
1206
115
1235
1039
1078
1020
979
231
396
792
1359
548
743
1542
92
130
1712
1961
183
786
411
1655
1443
1123
358
1080
1676
1075
1236
763
1585
1775
1609
150
1494
1563
1274
1451
730
1744
465
194
105
1096
931
25
1485
22
702
579
738
1561
1647
971
1604
173
349
954
1776
1858
1310
455
1370
97
721
1015
1075
1069
1783
1443
1954
1727
1651
1886
679
482
13
653
1496
82
649
10
1883
897
1939
1362
181
707
419
1174
1038
915
1268
95
1658
1979
600
1769
292
1544
519
1862
1954
133
1085
438
158
1472
1054
354
1097
1281
74
1604
1434
840
737
1263
877
375
1225
1636
1078
1369
1555
155
243
1986
684
1380
125
276
753
235
243
1601
737
984
1051
783
409
1257
142
1586
304
1456
1651
1419
46
1937
1053
1048
1880
278
1144
1065
336
1388
101
657
1216
871
653
1786
670
1872
868
994
177
848
1146
1850
1475
1533
837
1303
903
768
882
1295
47
318
1862
1459
1616
1382
353
1909
1476
540
1845
553
666
1685
629
703
1049
229
966
809
1568
157
877
26
1999
1315
1088
1765
807
1166
1998
1069
1312
1080
995
376
1876
27
268
305
414
112
475
1306
1204
320
968
1319
218
1311
210
1875
1328
918
1613
1903
1848
714
796
1854
1836
1737
1526
394
651
1820
1745
1305
946
522
1212
759
1029
1434
933
1667
417
664
1224
1632
1502
1540
475
1851
150
1475
1243
818
1000
486
748
195
194
1994
1084
926
1555
338
655
102
520
1924
829
841
1447
796
1635
1451
75
1381
330
711
1054
1753
1061
1766
326
810
1529
345
414
316
258
208
1448
345
1498
1118
543
1617
296
706
1324
1188
1566
1454
1010
1175
1400
342
1005
1560
1141
1871
1898
322
1724
443
47
84
1845
1257
1021
501
1773
600
1861
1167
179
813
1817
792
1438
457
217
1883
1917
1610
235
1367
1101
741
904
347
1491
1011
397
626
1982
841
617
1214
1938
1824
774
1309
137
1503
983
1913
1094
753
1307
498
1558
550
467
1101
1421
114
1371
302
11
355
883
564
1746
1811
1345
276
535
512
42
798
777
774
1908
1077
336
1181
880
503
145
1552
1385
1355
135
325
941
827
838
1419
129
792
289
1867
1321
1457
414
1974
1158
1604
1484
585
937
849
1493
691
1047
878
848
1515
802
151
1776
1998
1785
1442
617
530
137
1709
17
1747
1953
253
1963
1792
11
454
162
1759
1755
925
1157
943
1194
1228
1605
1553
245
966
1797
1444
272
1843
464
1740
1123
431
891
452
1397
1530
763
1578
982
1499
1448
1488
59
56
268
135
1037
906
750
967
266
309
1577
174
158
444
255
1942
50
1540
1784
691
1712
462
1702
854
464
1203
1889
280
100
69
859
77
582
1635
1109
1881
1749
1820
1581
568
897
1785
1521
420
1691
325
1204
708
1666
241
145
582
124
1228
300
1414
869
103
1421
1487
911
1124
1394
1789
728
700
1557
1754
690
488
376
1832
50
1150
273
921
508
1880
1410
57
766
116
1778
4
777
1919
1631
737
903
571
737
125
170
1507
894
824
365
578
1586
1363
1486
756
1496
1849
1515
1278
593
690
113
1522
173
1487
990
1047
381
1935
687
1014
1294
1798
1211
1684
1568
1199
1269
634
226
256
884
1668
1803
65
626
1256
1329
47
1989
1452
683
1297
629
1441
1232
891
1016
813
1315
773
1170
659
1969
917
617
501
1800
1122
1925
137
1194
20
135
597
963
13
1107
313
158
667
1761
911
949
1611
823
656
1100
1215
1420
1432
964
1686
466
1570
1034
1536
438
479
1467
1227
1479
684
1078
1163
80
590
791
1368
450
872
1830
405
310
405
172
979
1815
903
1291
1225
1354
1123
399
105
1661
1873
988
134
1259
578
1748
459
343
1563
117
1963
822
632
1460
1728
1979
47
1937
1886
447
739
622
365
376
450
837
1604
799
1557
71
519
1693
966
65
1760
250
262
1405
1782
679
1872
808
354
1352
146
1554
673
1566
1033
1582
1509
1047
858
918
74
162
698
1380
1796
922
361
1652
743
1533
1210
1997
1337
403
45
1422
622
914
1955
283
284
1144
1160
1181
804
1680
1759
635
1572
1886
326
469
200
1341
917
896
1754
408
853
603
512
999
684
1069
319
836
424
1127
1796
1403
847
351
1325
41
309
1381
71
1486
238
1329
1974
930
1008
1365
1997
580
1782
1745
622
1987
1
53
886
925
548
193
453
678
505
443
1142
1990
1270
1583
1360
418
1695
1973
1952
280
1310
471
506
900
1993
866
72
1462
1711
1559
1269
1634
34
1322
932
593
1391
1658
627
1386
920
1090
1116
722
1773
284
1102
288
1179
831
1253
979
932
1274
743
1627
308
1738
403
1491
1250
997
932
1690
1239
735
1929
178
796
620
665
1858
1600
1057
364
1501
995
127
1048
1650
51
1805
815
1871
118
1288
933
833
48
1807
581
1402
1875
1521
645
958
530
289
1894
77
1046
1184
1397
1762
1241
68
1263
908
1082
1025
521
943
187
605
653
430
1838
1814
104
1930
555
1307
1694
1895
1350
1393
386
834
1419
834
650
1235
966
1449
1971
1543
1139
616
1749
1672
1405
872
575
942
337
1199
1738
1448
733
1773
1049
1124
1120
1172
1040
289
485
828
1213
1636
376
1078
1055
590
1510
6
1031
985
368
191
1239
859
1955
1588
275
645
1736
1336
111
1687
811
67
1113
469
1138
1124
975
525
459
1753
516
253
1585
1361
272
1096
1697
1952
1395
1391
1647
1718
441
1464
322
311
947
595
212
1989
233
777
904
1522
1769
1542
1595
1367
1207
1213
1400
1433
1123
1750
1846
1644
672
68
801
593
382
856
599
257
1052
980
613
1629
1631
1398
1955
533
1029
1741
1826
881
9
1532
501
1576
984
1380
1101
1013
509
373
240
639
1124
1606
1984
851
625
1562
1014
559
801
318
1528
1079
1679
1388
1739
695
183
670
1700
936
990
1825
1722
874
1690
1209
1180
585
564
265
1781
1620
604
1857
779
1736
1437
1740
352
890
1258
933
1068
918
1349
794
802
213
401
403
748
21
588
504
228
338
635
1875
612
1770
1895
1175
352
685
1801
1087
1677
254
1175
527
1684
899
1105
955
162
738
30
1066
488
470
1338
1949
554
524
756
267
790
1351
1425
436
1502
835
1918
1906
1645
143
244
1105
1306
1469
1478
1634
1421
1695
1436
648
834
1867
1047
1125
668
720
1151
1925
119
571
1044
1950
526
1090
709
1471
138
1101
987
888
351
1695
567
1231
329
108
1291
727
1914
1992
274
525
139
1111
1251
1899
1918
1694
543
536
546
1095
1745
679
1973
1874
851
205
750
886
476
932
936
1922
32
323
75
1664
958
1135
214
768
778
567
820
965
1143
1441
825
23
217
888
71
729
1983
2
1838
627
435
1250
209
605
737
1117
331
585
763
981
1678
1321
249
343
1941
1398
384
708
477
59
621
1936
1422
1664
1425
1219
321
684
1918
769
425
902
1120
756
402
210
1326
798
1657
1790
395
230
1454
1815
1672
356
1528
1253
540
1145
565
1200
1483
1912
1720
1790
806
1588
452
1035
1018
891
1680
540
1260
1306
1170
623
1800
150
1317
1317
906
53
1443
116
421
1165
820
973
899
1345
667
546
584
1167
721
1310
77
798
1172
1129
1345
1157
608
162
1096
638
1184
1737
557
1112
659
1986
63
1814
1869
1656
262
491
771
889
511
763
945
777
699
533
1379
647
1875
1859
1711
1232
365
837
1271
1461
1472
1170
1468
458
448
1795
891
1458
129
1448
1424
1606
600
568
1829
242
502
71
1351
628
901
393
1592
1110
1602
910
1276
481
265
1483
1498
1864
208
1563
190
1083
142
960
537
470
1405
563
240
1837
1475
1383
568
134
490
411
1748
334
1080
877
1881
1111
650
1663
1216
1536
691
194
1505
1278
460
1557
183
672
775
974
26
86
780
161
1539
660
503
1335
1525
265
226
580
1089
123
1988
1592
285
1898
1492
16
1151
1247
958
1738
1916
841
1330
105
1352
10
884
903
381
1448
890
1867
222
1270
641
964
975
1877
928
45
143
1979
613
1308
967
882
410
739
1459
363
811
1741
1414
262
263
1926
1447
1831
475
1814
1251
1726
185
957
1017
550
150
1080
1372
775
1990
1756
1683
1094
131
1630
242
1543
570
190
1468
85
1296
1280
347
1308
1425
698
1859
148
1130
1742
203
1619
647
1057
1309
1977
1924
1906
280
1841
1006
1002
1266
1899
96
352
1835
568
1137
1784
425
1804
7
1731
220
968
701
1003
376
1920
1644
461
1997
1349
184
565
700
619
1619
1354
54
736
10
1018
428
1214
1104
553
1338
769
957
1550
1985
994
564
1644
869
291
1754
385
945
25
1632
1034
374
1528
1751
1683
1088
837
715
493
1543
1573
442
212
163
559
621
1737
124
1159
1439
1717
623
1692
286
328
48
1963
383
1807
1279
699
720
1381
1608
1698
702
1473
1083
159
44
511
1268
175
366
636
97
1821
1007
1139
703
1391
265
58
1819
1729
319
257
362
1034
1568
199
1605
1525
1558
553
1639
721
1539
996
310
959
157
909
148
473
411
927
447
422
162
1219
1274
910
602
1207
341
338
638
648
1107
1683
1727
726
601
930
1620
1389
1607
1439
944
924
1997
543
1853
648
1618
333
130
420
1208
1506
526
406
1827
1623
1750
1551
914
930
1534
1787
217
1933
512
615
895
1987
1284
516
1894
798
1024
1809
931
1516
1318
647
1610
858
162
1418
1999
1392
727
629
222
48
1706
1469
433
63
158
896
192
1873
1646
185
2000
1564
1935
791
1020
1261
1517
1085
253
3
470
142
1121
1915
1889
982
1757
459
830
1392
1632
1837
117
868
913
1913
24
662
1531
1088
1678
365
987
1905
1512
1092
160
572
920
680
1795
1605
1680
701
1889
1026
1151
1420
205
685
910
112
1016
1266
533
1741
359
219
318
595
925
1068
1459
580
1516
1581
1408
109
642
429
1245
434
68
416
1519
1788
941
683
1796
1618
2
1806
457
1377
146
766
496
344
716
13
374
1968
1517
1259
1660
1931
328
1251
912
1399
803
572
1049
395
1395
895
117
1945
1300
416
372
916
619
1861
647
1306
687
788
695
621
1955
1276
934
1147
488
340
479
625
1714
750
1769
1233
1352
612
1338
1751
1442
1062
1498
1279
596
17
1463
755
380
266
1466
1110
180
1260
1229
67
797
868
25
1933
1060
1393
1974
1796
1400
1998
1971
561
1049
474
722
464
574
70
566
1847
73
1574
1830
700
1791
1418
1084
1616
1076
246
1804
387
1299
1167
1095
796
1480
1302
747
1471
48
102
1597
476
1348
401
930
1533
1397
304
51
1597
1774
1405
1398
1551
1507
431
1231
1097
890
661
433
38
1901
217
1598
1246
211
775
1911
1881
1111
265
1550
470
1283
38
1436
1168
1775
404
250
1721
1013
1279
1722
52
731
696
1795
1313
1961
505
1566
1147
488
952
457
351
287
67
1097
1876
1603
688
117
1816
1879
1772
1306
176
878
1301
129
351
221
1761
1130
1672
1749
239
54
450
1973
599
1782
1940
1255
642
839
1423
1754
1943
612
513
333
656
521
1280
632
892
656
737
456
208
1239
326
1624
1876
1238
1080
654
683
1812
301
1575
1991
314
1272
1287
1947
1400
197
922
1190
1238
1070
934
1058
369
411
907
72
394
200
284
382
400
1280
1960
722
1788
1296
521
1211
280
1849
1114
856
1287
1814
1919
278
1903
100
889
285
131
1716
1408
370
440
1206
787
1296
624
276
1558
1404
531
170
750
1239
1469
497
1502
627
245
928
1105
1193
256
78
190
1208
1923
1160
1462
649
304
798
1382
1538
553
985
1206
716
1362
1650
494
1195
1289
559
1260
932
176
493
955
1408
1332
640
1390
959
533
1513
1095
494
950
1868
1986
901
30
565
231
842
1140
333
1809
398
1008
1945
1334
526
90
485
1760
1055
1867
1746
1352
1851
73
1181
498
1922
1552
1311
1418
838
99
1817
1859
588
1998
860
1240
1031
1368
822
608
1033
1674
381
1811
552
1468
1877
1433
511
1877
835
1278
85
1749
1914
201
982
599
1285
1739
1676
1855
1476
1344
985
798
220
1978
1644
1116
1302
706
1434
551
1400
451
1454
1586
1352
1844
944
239
1098
1422
901
574
1998
676
293
777
918
740
1254
250
1884
871
131
402
77
397
1485
93
1921
771
1379
804
412
1240
102
178
1356
1718
1065
1389
81
1822
1333
378
1531
1998
91
1567
1779
1015
1609
1956
1006
1270
798
62
1268
1128
698
1447
28
787
186
1453
1022
972
1318
1776
1739
445
815
1006
1444
795
707
1989
327
673
1129
1341
1564
534
1711
417
347
1407
84
598
483
1531
1047
1938
1003
748
937
988
1266
1686
367
1768
90
682
779
392
1864
812
1941
1129
1388
62
479
949
915
534
1159
1651
1193
1202
1079
811
115
1410
1832
1565
1904
585
1578
351
1597
1622
1514
307
1758
1292
927
1551
1640
128
382
677
939
1682
844
336
330
1359
671
1552
1662
1682
1816
6
1973
646
1836
52
1272
717
1334
1202
1460
1220
1195
933
1656
1829
259
387
1018
1789
1796
1976
566
265
1227
1081
88
1746
787
1492
1185
