4410
501
704
1669
2381
1539
2913
2180
1084
2410
1107
2522
3016
4870
1122
1788
2846
1979
3490
1267
3281
2046
1702
4203
365
1787
1494
3836
3572
2892
1706
993
3640
281
1012
1874
2683
4930
4283
4533
2487
1052
1553
2948
1913
3307
2080
2517
2497
2914
1143
1018
2136
1543
3396
379
2927
3440
4927
564
3573
1223
4132
683
4325
3089
4276
2812
883
1071
3855
3491
4296
1030
721
1502
2799
1000
4738
2165
4808
4659
953
3852
3477
2981
4851
3674
475
124
4890
1096
3068
3157
1640
2872
2936
1064
4676
973
1618
4110
4755
1589
3690
1459
4485
628
2635
4184
4902
388
1383
3672
910
4596
2737
2951
2402
309
3139
929
3170
4963
648
3245
4564
422
3125
1696
2594
4835
2121
3433
1067
1362
915
3975
1804
1860
1323
3107
3549
743
1533
4510
2092
4555
1310
1648
4846
1452
468
586
2886
3227
2422
2281
4138
645
3517
4996
3788
3298
1212
3027
1207
801
4155
1613
592
3556
1301
1294
1378
2320
3493
1954
653
631
4879
4218
4323
2695
4924
1526
2761
4535
2962
823
1694
3179
2939
404
1348
2057
4823
3696
3855
3978
3559
1734
229
3425
1444
185
3348
991
2657
3521
1412
3749
1208
4630
125
1466
4447
2655
2390
1989
3508
2516
2412
4837
1735
1421
2807
3442
675
3306
1926
4610
4638
3884
4360
4074
14
1930
3424
3227
3886
4224
1603
4693
1980
4088
794
590
4641
4257
1810
1095
4866
1396
550
1271
1914
2412
580
4638
2112
4147
2372
4083
4497
2523
4839
1517
4827
1792
1663
4301
3633
3217
1959
3418
2600
3141
2692
1998
4391
3385
824
1972
1973
2663
3455
2755
304
2485
4206
1787
1971
1261
2141
2679
464
2001
719
4270
2673
2364
408
797
1330
4061
2468
1716
1122
708
3785
1933
4461
2393
192
4943
2766
691
3023
3884
4791
504
722
2535
2241
2169
2383
2663
4786
4803
2868
2158
4508
930
3319
4946
1877
654
4448
585
852
39
4443
3794
2932
2429
1383
4402
3996
1038
2940
1928
3648
3562
1204
4529
3244
4469
3356
3327
2967
161
1991
3296
1187
4966
4536
4227
2510
4249
4713
946
121
3509
1602
2164
2498
3442
1415
504
4265
3772
1473
36
2164
4031
180
383
3431
852
1504
1239
348
2552
1468
3852
4080
4782
1270
3594
797
4995
3327
2999
3342
980
1919
2754
2862
568
3265
1286
1533
4690
2361
4393
1262
2724
767
4792
4299
4502
712
114
3184
4273
2127
403
2779
4874
1502
2706
1156
320
2244
526
2419
1772
2182
2788
4712
3536
1017
3471
2097
3548
1888
2737
2433
4833
1861
150
993
3467
1134
1802
458
826
922
4384
1364
11
2418
1139
4960
4385
1875
2928
2556
2595
2500
4079
156
4288
2560
2293
575
4978
3715
723
2259
3956
3190
1963
2662
2493
4847
2032
4529
1690
505
4856
3633
81
9
1796
4553
3920
4070
815
1985
1216
2284
2198
2358
2239
2405
1941
1487
2982
1048
1559
90
730
533
3108
943
4178
4942
4976
3177
3860
1484
3185
857
3035
4253
3880
1577
298
1747
3545
948
766
4362
2143
4917
4910
2792
3316
3238
1647
4286
1438
2996
4277
2734
3284
3941
1301
2503
2864
1992
1659
4454
3752
1202
3677
3484
1136
3125
1025
2023
1453
215
3336
2022
2931
827
3621
3432
3464
3192
4431
4985
200
3343
1581
1170
3910
4130
934
3507
4862
2176
721
4072
4975
3814
119
4638
1507
2370
4558
184
2729
386
4394
2946
1362
876
1491
1798
1509
2776
3084
1574
2091
897
3988
2516
3981
3936
1084
3585
2068
4108
1024
3883
4022
1836
1776
3311
1754
1481
3446
4373
4661
1786
3711
111
4070
4712
2238
3082
1083
2515
4012
3279
870
901
3224
1963
556
3543
95
4006
729
2505
2912
456
1541
3052
507
642
2619
247
1485
1082
2928
3920
3070
2818
1500
1367
265
3696
2012
3573
677
1880
1567
959
4368
3859
454
3325
1911
1900
1730
1496
4281
1411
3305
4681
2056
2583
324
2556
173
1372
4401
4004
3884
251
1239
3552
86
3678
979
672
2196
130
1985
3749
2695
3645
3165
3332
4542
1801
3331
2145
4715
2510
4959
2355
4023
1058
3819
1470
2057
891
4187
4311
1677
1440
434
4936
4
3076
1389
960
4421
3452
2789
3476
3912
4822
4246
3079
1860
1592
2516
1040
1406
2118
3824
2603
1272
2475
2117
1121
4345
634
1909
1984
4514
1469
2894
1128
885
4421
4256
2985
2309
4882
2380
2386
1784
4084
3832
3919
4927
2686
1232
611
134
1041
4603
728
3168
4859
4026
3621
1204
1780
1734
3627
4213
3609
4501
1286
4196
74
1842
2549
3761
3916
3683
1544
1425
3007
3636
4405
3989
291
426
3790
4236
4446
2790
4614
87
4014
3332
2682
2342
1918
2277
42
1131
1772
2548
365
2549
674
2324
4277
11
4838
2370
1904
1528
3112
2705
920
708
465
4005
13
1074
3772
2712
1328
3445
4542
3642
643
1292
1679
3439
3374
3480
4951
2421
2191
4585
4759
1549
4175
1288
2005
4591
3317
4317
4799
3146
2074
3016
1091
2979
3115
3657
191
167
3489
3604
905
2145
1866
3138
3485
2083
4024
779
118
4195
1313
1512
4248
3792
4266
949
4691
2048
3251
4464
4614
3704
1740
1751
1940
4648
1507
2143
1456
355
1630
4131
42
764
4710
1059
1021
1837
2418
1692
4983
2624
3345
1851
2683
971
2859
500
4359
4442
427
4778
463
829
1767
2890
1296
1433
2942
205
3388
3154
2727
4277
3177
4564
576
3699
3067
1009
130
4099
3965
4930
4199
2020
3779
3859
3158
1666
1801
3287
3918
365
4496
4760
215
962
2023
4625
1959
3541
3559
1247
1906
2605
3885
4627
4351
1272
2163
1576
913
3164
3082
4125
447
4769
1567
1671
1933
1974
3929
710
2172
2371
2722
1618
2072
3441
1027
4787
560
1469
3718
1000
3785
2538
444
249
3678
4866
421
1566
80
4836
2370
2873
2762
3395
410
1835
2235
4778
1400
4524
832
2754
2141
4178
3964
457
3812
1302
4965
2936
1547
4660
2225
3327
3917
564
1693
2446
1615
789
921
3849
4380
4392
3388
4856
366
831
2052
2956
3911
1991
3143
3903
2578
3054
4786
4237
607
2017
2206
1246
3260
3598
3856
4506
4045
1469
3024
1361
1861
3685
3336
3539
1449
1079
4788
2494
4343
4654
3086
2620
1563
2955
2614
4653
3308
2612
587
1247
1707
2756
1307
2011
1461
3151
4498
2908
2830
1327
1066
3671
3426
1356
784
1014
3276
4137
4787
467
1200
4935
1904
2836
235
3395
112
1878
3410
3396
2515
833
2114
2393
4384
1289
3436
3008
4561
818
1892
312
4665
3497
118
4027
497
3474
539
2594
4146
3842
889
4567
3333
3013
1522
4642
937
1615
1871
2214
4500
4321
4461
339
1190
4190
1198
2385
297
848
1666
2906
2577
482
1109
3395
4506
2767
3611
3488
3155
674
4091
1353
823
2798
1261
300
3229
1793
2101
3467
2338
3152
617
4770
3946
2193
2742
4796
3569
858
791
1318
4575
1641
1696
785
3614
4587
3357
1768
4434
2415
1331
1499
54
871
4677
3823
2586
577
692
909
4388
4246
3646
3061
977
4036
3297
2019
4493
3953
2622
1497
4974
1296
545
60
3619
286
4965
1762
3192
3815
1406
2591
4144
3497
2392
2112
1715
3294
743
607
2839
2092
353
4445
4648
4207
1453
3295
3170
2163
1995
4505
1257
4757
3780
690
825
1666
1024
305
3655
2710
2869
1118
499
1448
3143
4274
3641
3567
2590
1346
328
2976
2211
3433
4349
4210
2736
3015
2243
1854
2740
3790
3
3265
4067
526
1096
4814
2285
450
3484
1568
4001
1574
676
4917
2266
1667
498
3972
3368
1522
356
3266
4802
3841
2452
2127
3905
2776
1454
2278
2372
3513
801
4743
4678
701
67
1828
1223
2433
2785
173
1434
3622
1935
307
3858
2952
3754
4423
3110
1367
3821
4048
952
2706
4885
1186
1240
466
2359
1024
4056
570
4247
3626
2137
4476
1033
3789
4483
898
2377
3703
1438
296
2034
680
1301
85
4298
2221
3057
2872
4842
1053
1365
2346
1108
3375
716
4752
4790
1911
3540
2140
1699
2474
2558
409
3923
3143
1157
2459
2789
2408
3818
4366
2170
1685
4313
3075
3600
2033
1087
502
33
2020
2985
254
4329
1060
4061
3061
2411
574
1397
4336
1922
3414
3222
2764
2494
1702
2335
3803
2142
4415
1444
2916
3146
2722
4663
2509
1383
643
3857
2231
4110
4066
432
3206
4617
2397
2732
4283
4164
2533
3549
4337
4082
3921
4963
3398
2940
4566
1657
520
1676
2617
1888
1845
740
4188
2427
1638
1877
4773
2414
52
3810
4494
1611
4241
2354
1118
3243
482
2850
3886
18
2247
2884
677
4634
2973
1458
1687
38
67
3049
3217
1587
2843
1842
58
1280
564
3779
1928
4905
2488
4126
4426
1380
1499
4071
4684
789
4593
1020
2530
799
1137
479
4143
1117
2394
2171
4276
1736
3775
683
3567
2224
611
643
3868
3538
2638
1530
275
81
413
4489
3878
193
4203
3326
3274
733
4518
1072
3354
4520
2516
4283
1145
1012
1305
1589
4288
2138
2517
4802
455
4218
1704
4997
1814
4202
254
1305
4690
1173
3178
2642
4919
2410
2408
4046
2
2610
207
3055
4102
637
3145
2291
1164
2945
4900
849
4675
233
950
1865
3310
1787
1600
4377
242
766
132
4137
264
2329
2216
4259
4493
2838
2734
503
2264
290
1668
413
1680
2590
2422
2211
312
2190
3628
2554
2457
3230
2480
4793
3482
343
1329
3671
2457
4516
2965
4844
4722
4418
3765
4854
188
2146
2317
1894
771
967
4718
3128
1275
2080
2493
1310
3737
2126
3929
3706
430
2843
1806
905
3729
4689
2203
3415
4325
4677
4244
1459
1327
3763
3120
1477
1619
1033
3041
1543
3906
64
1685
4491
2454
3198
730
539
3079
752
3854
2062
756
835
1828
4511
4595
2089
3931
4877
4010
3936
1653
68
750
1853
3481
3386
1556
1776
828
3004
218
607
2318
1151
1369
3820
744
505
1070
1072
2283
315
4492
102
3739
3545
3234
149
1122
1556
3564
2971
2894
1566
4154
4512
1817
1447
453
173
4849
953
85
434
3828
290
1983
2517
1133
2438
684
4471
944
3428
4737
3230
1909
4960
2727
3538
3863
2719
2055
2133
392
2363
3051
4100
118
3881
1990
3372
2320
4347
501
1899
3292
4878
4392
3594
1173
1543
2379
1378
674
1526
1971
2543
407
3313
1923
43
3739
1417
4732
4270
3374
4550
1875
2652
2980
3521
3616
1318
3600
306
996
2710
4947
3715
4190
321
928
2032
1861
1590
1455
2189
2684
3450
2356
2459
4882
2570
3215
3855
3661
843
40
708
4226
1943
3248
2310
2160
4636
3088
4862
3317
4043
3659
704
725
1273
589
2905
1300
1971
1893
1904
4282
4327
1080
4574
91
1494
2055
4638
74
2591
696
3283
542
4699
2312
381
1181
771
4254
1425
3558
1059
3136
2468
4914
1491
1670
561
1851
2242
2707
2108
1762
470
12
533
3693
4326
2638
1351
1982
4791
2261
4078
4049
3484
1256
3873
518
4588
2820
1421
4406
1336
1320
1309
2611
3104
1604
1919
3591
2521
2067
2834
2454
952
2651
1555
3749
4097
1646
4666
1800
1282
3845
1504
1359
4701
280
3343
3462
2783
3756
4741
2530
1944
4758
407
4687
1714
2702
3989
326
642
575
1018
800
3164
1991
2379
1646
1968
1223
3223
2836
3016
3683
3816
1254
3092
2263
2594
1905
124
1940
269
1309
4691
3348
1738
4389
4868
756
3553
4559
4127
1358
4509
4042
2945
2974
1019
4112
2875
4578
1854
1880
3914
723
1016
3184
1821
171
4943
2077
3911
3528
3623
4782
4471
3135
2094
2210
2114
3946
