2
3
4
9
11
11
12
13
14
18
33
36
38
39
40
42
42
43
52
54
58
60
64
67
67
68
74
74
80
81
81
85
85
86
87
90
91
95
102
111
112
114
118
118
118
119
121
124
124
125
130
130
132
134
149
150
156
161
167
171
173
173
173
180
184
185
188
191
192
193
200
205
207
215
215
218
229
233
235
242
247
249
251
254
254
264
265
269
275
280
281
286
290
290
291
296
297
298
300
304
305
306
307
309
312
312
315
320
321
324
326
328
339
343
348
353
355
356
365
365
365
366
379
381
383
386
388
392
403
404
407
407
408
409
410
413
413
421
422
426
427
430
432
434
434
444
447
450
453
454
455
456
457
458
463
464
465
466
467
468
470
475
479
482
482
497
498
499
500
501
501
502
503
504
504
505
505
507
518
520
526
526
533
533
539
539
542
545
550
556
560
561
564
564
564
568
570
574
575
575
576
577
580
585
586
587
589
590
592
607
607
607
611
611
617
628
631
634
637
642
642
643
643
643
645
648
653
654
672
674
674
674
675
676
677
677
680
683
683
684
690
691
692
696
701
704
704
708
708
708
710
712
716
719
721
721
722
723
723
725
728
729
730
730
733
740
743
743
744
750
752
756
756
764
766
766
767
771
771
779
784
785
789
789
791
794
797
797
799
800
801
801
815
818
823
823
824
825
826
827
828
829
831
832
833
835
843
848
849
852
852
857
858
870
871
876
883
885
889
891
897
898
901
905
905
909
910
913
915
920
921
922
928
929
930
934
937
943
944
946
948
949
950
952
952
953
953
959
960
962
967
971
973
977
979
980
991
993
993
996
1000
1000
1009
1012
1012
1014
1016
1017
1018
1018
1019
1020
1021
1024
1024
1024
1025
1027
1030
1033
1033
1038
1040
1041
1048
1052
1053
1058
1059
1059
1060
1064
1066
1067
1070
1071
1072
1072
1074
1079
1080
1082
1083
1084
1084
1087
1091
1095
1096
1096
1107
1108
1109
1117
1118
1118
1121
1122
1122
1122
1128
1131
1133
1134
1136
1137
1139
1143
1145
1151
1156
1157
1164
1170
1173
1173
1181
1186
1187
1190
1198
1200
1202
1204
1204
1207
1208
1212
1216
1223
1223
1223
1232
1239
1239
1240
1246
1247
1247
1254
1256
1257
1261
1261
1262
1267
1270
1271
1272
1272
1273
1275
1280
1282
1286
1286
1288
1289
1292
1294
1296
1296
1300
1301
1301
1301
1302
1305
1305
1307
1309
1309
1310
1310
1313
1318
1318
1320
1323
1327
1327
1328
1329
1330
1331
1336
1346
1348
1351
1353
1356
1358
1359
1361
1362
1362
1364
1365
1367
1367
1369
1372
1378
1378
1380
1383
1383
1383
1389
1396
1397
1400
1406
1406
1411
1412
1415
1417
1421
1421
1425
1425
1433
1434
1438
1438
1440
1444
1444
1447
1448
1449
1452
1453
1453
1454
1455
1456
1458
1459
1459
1461
1466
1468
1469
1469
1469
1470
1473
1477
1481
1484
1485
1487
1491
1491
1494
1494
1496
1497
1499
1499
1500
1502
1502
1504
1504
1507
1507
1509
1512
1517
1522
1522
1526
1526
1528
1530
1533
1533
1539
1541
1543
1543
1543
1544
1547
1549
1553
1555
1556
1556
1559
1563
1566
1566
1567
1567
1568
1574
1574
1576
1577
1581
1587
1589
1589
1590
1592
1600
1602
1603
1604
1611
1613
1615
1615
1618
1618
1619
1630
1638
1640
1641
1646
1646
1647
1648
1653
1657
1659
1663
1666
1666
1666
1667
1668
1669
1670
1671
1676
1677
1679
1680
1685
1685
1687
1690
1692
1693
1694
1696
1696
1699
1702
1702
1704
1706
1707
1714
1715
1716
1730
1734
1734
1735
1736
1738
1740
1747
1751
1754
1762
1762
1767
1768
1772
1772
1776
1776
1780
1784
1786
1787
1787
1787
1788
1792
1793
1796
1798
1800
1801
1801
1802
1804
1806
1810
1814
1817
1821
1828
1828
1835
1836
1837
1842
1842
1845
1851
1851
1853
1854
1854
1860
1860
1861
1861
1861
1865
1866
1871
1874
1875
1875
1877
1877
1878
1880
1880
1888
1888
1892
1893
1894
1899
1900
1904
1904
1904
1905
1906
1909
1909
1911
1911
1913
1914
1918
1919
1919
1922
1923
1926
1928
1928
1930
1933
1933
1935
1940
1940
1941
1943
1944
1954
1959
1959
1963
1963
1968
1971
1971
1971
1972
1973
1974
1979
1980
1982
1983
1984
1985
1985
1989
1990
1991
1991
1991
1992
1995
1998
2001
2005
2011
2012
2017
2019
2020
2020
2022
2023
2023
2032
2032
2033
2034
2046
2048
2052
2055
2055
2056
2057
2057
2062
2067
2068
2072
2074
2077
2080
2080
2083
2089
2091
2092
2092
2094
2097
2101
2108
2112
2112
2114
2114
2117
2118
2121
2126
2127
2127
2133
2136
2137
2138
2140
2141
2141
2142
2143
2143
2145
2145
2146
2158
2160
2163
2163
2164
2164
2165
2169
2170
2171
2172
2176
2180
2182
2189
2190
2191
2193
2196
2198
2203
2206
2210
2211
2211
2214
2216
2221
2224
2225
2231
2235
2238
2239
2241
2242
2243
2244
2247
2259
2261
2263
2264
2266
2277
2278
2281
2283
2284
2285
2291
2293
2309
2310
2312
2317
2318
2320
2320
2324
2329
2335
2338
2342
2346
2354
2355
2356
2358
2359
2361
2363
2364
2370
2370
2370
2371
2372
2372
2377
2379
2379
2380
2381
2383
2385
2386
2390
2392
2393
2393
2394
2397
2402
2405
2408
2408
2410
2410
2411
2412
2412
2414
2415
2418
2418
2419
2421
2422
2422
2427
2429
2433
2433
2438
2446
2452
2454
2454
2457
2457
2459
2459
2468
2468
2474
2475
2480
2485
2487
2488
2493
2493
2494
2494
2497
2498
2500
2503
2505
2509
2510
2510
2515
2515
2516
2516
2516
2516
2517
2517
2517
2521
2522
2523
2530
2530
2533
2535
2538
2543
2548
2549
2549
2552
2554
2556
2556
2558
2560
2570
2577
2578
2583
2586
2590
2590
2591
2591
2594
2594
2594
2595
2600
2603
2605
2610
2611
2612
2614
2617
2619
2620
2622
2624
2635
2638
2638
2642
2651
2652
2655
2657
2662
2663
2663
2673
2679
2682
2683
2683
2684
2686
2692
2695
2695
2702
2705
2706
2706
2707
2710
2710
2712
2719
2722
2722
2724
2727
2727
2729
2732
2734
2734
2736
2737
2737
2740
2742
2754
2754
2755
2756
2761
2762
2764
2766
2767
2776
2776
2779
2783
2785
2788
2789
2789
2790
2792
2798
2799
2807
2812
2818
2820
2830
2834
2836
2836
2838
2839
2843
2843
2846
2850
2859
2862
2864
2868
2869
2872
2872
2873
2875
2884
2886
2890
2892
2894
2894
2905
2906
2908
2912
2913
2914
2916
2927
2928
2928
2931
2932
2936
2936
2939
2940
2940
2942
2945
2945
2946
2948
2951
2952
2955
2956
2962
2965
2967
2971
2973
2974
2976
2979
2980
2981
2982
2985
2985
2996
2999
3004
3007
3008
3013
3015
3016
3016
3016
3023
3024
3027
3035
3041
3049
3051
3052
3054
3055
3057
3061
3061
3067
3068
3070
3075
3076
3079
3079
3082
3082
3084
3086
3088
3089
3092
3104
3107
3108
3110
3112
3115
3120
3125
3125
3128
3135
3136
3138
3139
3141
3143
3143
3143
3145
3146
3146
3151
3152
3154
3155
3157
3158
3164
3164
3165
3168
3170
3170
3177
3177
3178
3179
3184
3184
3185
3190
3192
3192
3198
3206
3215
3217
3217
3222
3223
3224
3227
3227
3229
3230
3230
3234
3238
3243
3244
3245
3248
3251
3260
3265
3265
3266
3274
3276
3279
3281
3283
3284
3287
3292
3294
3295
3296
3297
3298
3305
3306
3307
3308
3310
3311
3313
3316
3317
3317
3319
3325
3326
3327
3327
3327
3331
3332
3332
3333
3336
3336
3342
3343
3343
3345
3348
3348
3354
3356
3357
3368
3372
3374
3374
3375
3385
3386
3388
3388
3395
3395
3395
3396
3396
3398
3410
3414
3415
3418
3424
3425
3426
3428
3431
3432
3433
3433
3436
3439
3440
3441
3442
3442
3445
3446
3450
3452
3455
3462
3464
3467
3467
3471
3474
3476
3477
3480
3481
3482
3484
3484
3484
3485
3488
3489
3490
3491
3493
3497
3497
3507
3508
3509
3513
3517
3521
3521
3528
3536
3538
3538
3539
3540
3541
3543
3545
3545
3548
3549
3549
3552
3553
3556
3558
3559
3559
3562
3564
3567
3567
3569
3572
3573
3573
3585
3591
3594
3594
3598
3600
3600
3604
3609
3611
3614
3616
3619
3621
3621
3622
3623
3626
3627
3628
3633
3633
3636
3640
3641
3642
3645
3646
3648
3655
3657
3659
3661
3671
3671
3672
3674
3677
3678
3678
3683
3683
3685
3690
3693
3696
3696
3699
3703
3704
3706
3711
3715
3715
3718
3729
3737
3739
3739
3749
3749
3749
3752
3754
3756
3761
3763
3765
3772
3772
3775
3779
3779
3780
3785
3785
3788
3789
3790
3790
3792
3794
3803
3810
3812
3814
3815
3816
3818
3819
3820
3821
3823
3824
3828
3832
3836
3841
3842
3845
3849
3852
3852
3854
3855
3855
3855
3856
3857
3858
3859
3859
3860
3863
3868
3873
3878
3880
3881
3883
3884
3884
3884
3885
3886
3886
3903
3905
3906
3910
3911
3911
3912
3914
3916
3917
3918
3919
3920
3920
3921
3923
3929
3929
3931
3936
3936
3941
3946
3946
3953
3956
3964
3965
3972
3975
3978
3981
3988
3989
3989
3996
4001
4004
4005
4006
4010
4012
4014
4022
4023
4024
4026
4027
4031
4036
4042
4043
4045
4046
4048
4049
4056
4061
4061
4066
4067
4070
4070
4071
4072
4074
4078
4079
4080
4082
4083
4084
4088
4091
4097
4099
4100
4102
4108
4110
4110
4112
4125
4126
4127
4130
4131
4132
4137
4137
4138
4143
4144
4146
4147
4154
4155
4164
4175
4178
4178
4184
4187
4188
4190
4190
4195
4196
4199
4202
4203
4203
4206
4207
4210
4213
4218
4218
4224
4226
4227
4236
4237
4241
4244
4246
4246
4247
4248
4249
4253
4254
4256
4257
4259
4265
4266
4270
4270
4273
4274
4276
4276
4277
4277
4277
4281
4282
4283
4283
4283
4286
4288
4288
4296
4298
4299
4301
4311
4313
4317
4321
4323
4325
4325
4326
4327
4329
4336
4337
4343
4345
4347
4349
4351
4359
4360
4362
4366
4368
4373
4377
4380
4384
4384
4385
4388
4389
4391
4392
4392
4393
4394
4401
4402
4405
4406
4410
4415
4418
4421
4421
4423
4426
4431
4434
4442
4443
4445
4446
4447
4448
4454
4461
4461
4464
4469
4471
4471
4476
4483
4485
4489
4491
4492
4493
4493
4494
4496
4497
4498
4500
4501
4502
4505
4506
4506
4508
4509
4510
4511
4512
4514
4516
4518
4520
4524
4529
4529
4533
4535
4536
4542
4542
4550
4553
4555
4558
4559
4561
4564
4564
4566
4567
4574
4575
4578
4585
4587
4588
4591
4593
4595
4596
4603
4610
4614
4614
4617
4625
4627
4630
4634
4636
4638
4638
4638
4638
4641
4642
4648
4648
4653
4654
4659
4660
4661
4663
4665
4666
4675
4676
4677
4677
4678
4681
4684
4687
4689
4690
4690
4691
4691
4693
4699
4701
4710
4712
4712
4713
4715
4718
4722
4732
4737
4738
4741
4743
4752
4755
4757
4758
4759
4760
4769
4770
4773
4778
4778
4782
4782
4786
4786
4787
4787
4788
4790
4791
4791
4792
4793
4796
4799
4802
4802
4803
4808
4814
4822
4823
4827
4833
4835
4836
4837
4838
4839
4842
4844
4846
4847
4849
4851
4854
4856
4856
4859
4862
4862
4866
4866
4868
4870
4874
4877
4878
4879
4882
4882
4885
4890
4900
4902
4905
4910
4914
4917
4917
4919
4924
4927
4927
4930
4930
4935
4936
4942
4943
4943
4946
4947
4951
4959
4960
4960
4963
4963
4965
4965
4966
4974
4975
4976
4978
4983
4985
4995
4996
4997
